Remote:  51 15 31.11582     -114 06 01.76988  	1127.345  
Base:    51 16 37.34162     -113 58 59.51154 	1090.833 
